 1     4663.392092      4690.744474      0.257117
 2     239.356339      4696.798740      0.497276
 3     96.803110      4709.083084      0.457299
 4     57.994459      4702.347150      0.477576
 5     37.159994      4712.595796      0.452427
 6     26.750907      4706.294671      0.476940
 7     19.082101      4713.481808      0.453604
 8     14.789583      4708.701440      0.478976
 9     11.131005      4713.672315      0.455591
 10     8.986712      4710.192843      0.481099
 11     6.979846      4713.655945      0.457339
 12     5.777834      4711.145956      0.482834
 13     4.577757      4713.582434      0.458726
 14     3.851778      4711.772193      0.484205
 15     3.092858      4713.501696      0.459831
 16     2.631996      4712.192795      0.485313
 17     2.133659      4713.429869      0.460739
 18     1.830868      4712.480126      0.486241
 19     1.494888      4713.370859      0.461512
 20     1.290982      4712.679054      0.487043
 21     1.060032      4713.324188      0.462189
 22     0.920158      4712.818274      0.487753
 23     0.759027      4713.288010      0.462794
 24     0.661686      4712.916589      0.488391
 25     0.547927      4713.260275      0.463340
 26     0.479393      4712.986557      0.488971
 27     0.398291      4713.239140      0.463839
 28     0.349570      4713.036689      0.489502
 29     0.291271      4713.223084      0.464295
 30     0.256349      4713.072825      0.489989
 31     0.214143      4713.210904      0.464715
 32     0.188931      4713.099017      0.490438
 33     0.158185      4713.201665      0.465103
 34     0.139868      4713.118094      0.490852
 35     0.117346      4713.194655      0.465460
 36     0.103965      4713.132052      0.491234
 37     0.087385      4713.189330      0.465790
 38     0.077559      4713.142308      0.491587
 39     0.065300      4713.185282      0.466095
 40     0.058052      4713.149874      0.491913
 41     0.048951      4713.182200      0.466377
 42     0.043582      4713.155474      0.492215
 43     0.036800      4713.179850      0.466637
 44     0.032809      4713.159634      0.492493
 45     0.027739      4713.178056      0.466878
 46     0.024761      4713.162733      0.492750
 47     0.020959      4713.176685      0.467100
 48     0.018730      4713.165049      0.492988
 49     0.015871      4713.175636      0.467305
 50     0.014198      4713.166784      0.493208
 51     0.012042      4713.174832      0.467495
 52     0.010783      4713.168088      0.493411
 53     0.009154      4713.174215      0.467670
 54     0.008204      4713.169069      0.493599
 55     0.006971      4713.173742      0.467832
 56     0.006253      4713.169809      0.493772
 57     0.005316      4713.173378      0.467982
 58     0.004772      4713.170369      0.493933
 59     0.004061      4713.173097      0.468121
 60     0.003647      4713.170792      0.494081
 61     0.003105      4713.172882      0.468249
 62     0.002791      4713.171114      0.494219
 63     0.002378      4713.172715      0.468368
 64     0.002139      4713.171358      0.494346
 65     0.001823      4713.172587      0.468478
 66     0.001640      4713.171545      0.494465
 67     0.001399      4713.172488      0.468581
 68     0.001259      4713.171686      0.494575
 69     0.001075      4713.172412      0.468676
 70     0.000968      4713.171795      0.494677
 71     0.000826      4713.172353      0.468764
 72     0.000744      4713.171877      0.494772
 73     0.000636      4713.172307      0.468847
 74     0.000573      4713.171941      0.494861
 75     0.000490      4713.172272      0.468923
 76     0.000441      4713.171989      0.494943
 77     0.000377      4713.172244      0.468995
 78     0.000340      4713.172026      0.495021
 79     0.000291      4713.172223      0.469062
 80     0.000263      4713.172055      0.495093
 81     0.000224      4713.172207      0.469125
 82     0.000203      4713.172076      0.495161
 83     0.000173      4713.172194      0.469184
 84     0.000157      4713.172093      0.495224
 85     0.000134      4713.172184      0.469240
 86     0.000121      4713.172106      0.495284
 87     0.000103      4713.172176      0.469292
 88     0.000093      4713.172116      0.495341
 89     0.000080      4713.172170      0.469341
 90     0.000072      4713.172124      0.495394
 91     0.000062      4713.172166      0.469387
 92     0.000056      4713.172130      0.495444
 93     0.000048      4713.172162      0.469431
 94     0.000043      4713.172134      0.495492
 95     0.000037      4713.172160      0.469473
 96     0.000034      4713.172138      0.495536
 97     0.000029      4713.172157      0.469512
 98     0.000026      4713.172141      0.495579
 99     0.000022      4713.172156      0.469549
 100     0.000020      4713.172143      0.495620
 101     0.000017      4713.172154      0.469585
 102     0.000016      4713.172144      0.495658
 103     0.000013      4713.172153      0.469618
 104     0.000012      4713.172146      0.495695
 105     0.000010      4713.172153      0.469650
 106     0.000009      4713.172147      0.495730
 107     0.000008      4713.172152      0.469681
 108     0.000007      4713.172147      0.495763
 109     0.000006      4713.172152      0.469710
 110     0.000006      4713.172148      0.495795
 111     0.000005      4713.172151      0.469739
 112     0.000004      4713.172148      0.495826
 113     0.000004      4713.172151      0.469765
 114     0.000003      4713.172149      0.495855
 115     0.000003      4713.172151      0.469791
 116     0.000003      4713.172149      0.495883
 117     0.000002      4713.172150      0.469816
 118     0.000002      4713.172149      0.495910
 119     0.000002      4713.172150      0.469840
 120     0.000002      4713.172149      0.495936
 121     0.000001      4713.172150      0.469862
 122     0.000001      4713.172149      0.495961
 123     0.000001      4713.172150      0.469884
 124     0.000001      4713.172150      0.495985
 125     0.000001      4713.172150      0.469905
 126     0.000001      4713.172150      0.496008
 127     0.000001      4713.172150      0.469926
 128     0.000001      4713.172150      0.496031
 129     0.000001      4713.172150      0.469945
 130     0.000000      4713.172150      0.496052
 131     0.000000      4713.172150      0.469964
 132     0.000000      4713.172150      0.496073
 133     0.000000      4713.172150      0.469982
 134     0.000000      4713.172150      0.496094
 135     0.000000      4713.172150      0.470000
 136     0.000000      4713.172150      0.496113
 137     0.000000      4713.172150      0.470018
 138     0.000000      4713.172150      0.496131
 139     0.000000      4713.172150      0.470034
 140     0.000000      4713.172150      0.496150
 141     0.000000      4713.172150      0.470050
 142     0.000000      4713.172150      0.496168
 143     0.000000      4713.172150      0.470066
