1     482.785484      4697.722212      0.257112     0.000698
 2     211.667388      4705.479674      0.497203     0.192220
 3     111.345340      4717.966807      0.529711     0.276717
 4     63.237122      4712.372628      0.539884     0.322552
 5     38.836366      4721.366754      0.559370     0.377166
 6     24.936045      4716.069252      0.579500     0.412266
 7     16.319593      4721.506660      0.589515     0.428315
 8     10.844294      4718.114132      0.595670     0.441554
 9     7.289560      4721.040125      0.601774     0.451856
 10     4.928239      4719.172904      0.605672     0.457068
 11     3.352130      4720.661294      0.608409     0.462656
 12     2.299121      4719.705520      0.612568     0.470416
 13     1.585849      4720.446519      0.616812     0.475773
 14     1.096538      4719.966000      0.619067     0.478106
 15     0.761068      4720.332090      0.620801     0.481725
 16     0.531061      4720.092281      0.623762     0.486904
 17     0.371682      4720.273512      0.626511     0.489840
 18     0.260363      4720.153298      0.627613     0.490700
 19     0.182837      4720.243243      0.628577     0.493137
 20     0.128877      4720.182973      0.630721     0.496849
 21     0.090978      4720.227905      0.632540     0.498334
 22     0.064205      4720.197517      0.632809     0.498042
 23     0.045378      4720.220009      0.633093     0.499527
 24     0.032165      4720.204695      0.634662     0.502416
 25     0.022816      4720.216016      0.635982     0.503165
 26     0.016168      4720.208261      0.635772     0.502141
 27     0.011467      4720.213962      0.635600     0.503018
 28     0.008153      4720.210041      0.636864     0.505596
 29     0.005800      4720.212924      0.638023     0.506107
 30     0.004120      4720.210933      0.637586     0.504623
 31     0.002928      4720.212391      0.637097     0.505069
 32     0.002086      4720.211381      0.638197     0.507604
 33     0.001487      4720.212121      0.639383     0.508158
 34     0.001058      4720.211607      0.638859     0.506340
 35     0.000753      4720.211982      0.638096     0.506381
 36     0.000537      4720.211721      0.639070     0.508979
 37     0.000384      4720.211912      0.640380     0.509751
 38     0.000273      4720.211779      0.639856     0.507666
 39     0.000195      4720.211876      0.638823     0.507259
 40     0.000139      4720.211808      0.639658     0.509948
 41     0.000099      4720.211858      0.641150     0.511071
 42     0.000071      4720.211823      0.640699     0.508780
 43     0.000051      4720.211848      0.639389     0.507852
 44     0.000036      4720.211831      0.640044     0.510609
 45     0.000026      4720.211844      0.641750     0.512206
 46     0.000018      4720.211835      0.641450     0.509787
 47     0.000013      4720.211841      0.639860     0.508251
 48     0.000009      4720.211837      0.640274     0.511012
 49     0.000007      4720.211840      0.642211     0.513198
 50     0.000005      4720.211838      0.642146     0.510755
 51     0.000003      4720.211839      0.640283     0.508524
 52     0.000002      4720.211838      0.640379     0.511185
 53     0.000002      4720.211839      0.642543     0.514062
 54     0.000001      4720.211838      0.642807     0.511735
 55     0.000001      4720.211839      0.640697     0.508726
 56     0.000001      4720.211839      0.640386     0.511143
 57     0.000000      4720.211839      0.642749     0.514797
 58     0.000000      4720.211839      0.643445     0.512762
 59     0.000000      4720.211839      0.641134     0.508912
 60     0.000000      4720.211839      0.640318     0.510897
 61     0.000000      4720.211839      0.642825     0.515385
 62     0.000000      4720.211839      0.644057     0.513859